Macierz A
      10        1        1        1        2 
       3       20        4        2        1 
       5        1       40        9        5 
       3        0        1       10        1 
       6        2        1        1       20 
Wektor B
       8       20       -8       -8      -13 
Epsilon: 0.0001 maxymalna ilosc iteracji 30
Alfa
       0     -0.1     -0.1     -0.1     -0.2 
   -0.15        0     -0.2     -0.1    -0.05 
  -0.125   -0.025        0   -0.225   -0.125 
    -0.3       -0     -0.1        0     -0.1 
    -0.3     -0.1    -0.05    -0.05        0 

Beta
     0.8        1     -0.2     -0.8    -0.65 
Przedostatnia iteracja
0.922613  1.03065 -0.123367 -0.738693 -0.613065 
Ostatnia iteracja
0.922613  1.03065 -0.123367 -0.738693 -0.613065 
ilosc iteracji 7
blad bezwzgledny 0.0773869 0.0306533 0.123367 0.261307 0.386935 